% Smoothed daily annual cycle of Kenai River temperatures measured at Soldotna, 1998-2001
% DOY       Temperature (deg C)
            1      0.34946
            2      0.37097
            3      0.38172
            4      0.38172
            5      0.37634
            6      0.38172
            7      0.40323
            8      0.41935
            9      0.42473
           10      0.43548
           11      0.44624
           12      0.44624
           13      0.44086
           14      0.43011
           15      0.42473
           16      0.41935
           17      0.41667
           18      0.41667
           19      0.41667
           20      0.41667
           21      0.42742
           22      0.43817
           23      0.42204
           24      0.40591
           25      0.39516
           26      0.39516
           27      0.40054
           28      0.38978
           29      0.37366
           30      0.35215
           31       0.3414
           32      0.33602
           33      0.31989
           34      0.30914
           35      0.30376
           36      0.29839
           37      0.29301
           38      0.27688
           39      0.25538
           40      0.23925
           41      0.22312
           42      0.21237
           43      0.20699
           44      0.20161
           45      0.19624
           46      0.18011
           47      0.16398
           48      0.17204
           49       0.1828
           50      0.19355
           51      0.19892
           52       0.2043
           53      0.20968
           54      0.23656
           55      0.26344
           56      0.27957
           57      0.30108
           58      0.31183
           59      0.33333
           60      0.34946
           61      0.36022
           62      0.36559
           63      0.36559
           64      0.36559
           65      0.35484
           66      0.33871
           67      0.32796
           68      0.32258
           69      0.33333
           70      0.36559
           71      0.39247
           72       0.4086
           73      0.41398
           74      0.44086
           75      0.46774
           76          0.5
           77      0.54839
           78      0.60215
           79      0.63978
           80      0.67204
           81       0.7043
           82      0.75269
           83      0.79032
           84      0.82796
           85      0.86022
           86      0.89247
           87      0.93548
           88      0.97849
           89       1.0269
           90       1.0753
           91       1.1237
           92       1.1774
           93       1.2581
           94       1.3495
           95       1.4409
           96       1.5376
           97        1.629
           98       1.7258
           99       1.8226
          100       1.9355
          101       2.0323
          102       2.1452
          103       2.2742
          104       2.4194
          105        2.543
          106       2.6559
          107       2.7634
          108       2.8656
          109       2.9785
          110       3.1022
          111       3.2419
          112       3.3871
          113       3.5215
          114       3.6613
          115       3.7957
          116       3.9462
          117       4.1183
          118       4.3118
          119       4.5108
          120       4.6989
          121        4.871
          122       5.0591
          123       5.2258
          124       5.3763
          125       5.5215
          126       5.6505
          127       5.7796
          128       5.9086
          129       6.0269
          130       6.1344
          131       6.2312
          132       6.3495
          133        6.457
          134        6.543
          135       6.6183
          136       6.6935
          137       6.7903
          138       6.9086
          139       7.0161
          140       7.1129
          141       7.2204
          142       7.3172
          143       7.4032
          144       7.4839
          145        7.586
          146        7.672
          147       7.7581
          148        7.828
          149       7.8763
          150       7.9086
          151       7.9516
          152       8.0161
          153       8.0753
          154       8.1613
          155       8.2312
          156       8.3118
          157        8.414
          158       8.5215
          159        8.629
          160       8.7366
          161       8.8656
          162       8.9731
          163       9.0753
          164       9.1828
          165       9.2849
          166       9.4086
          167       9.5323
          168       9.6452
          169       9.7581
          170       9.8763
          171       9.9839
          172       10.091
          173       10.183
          174       10.258
          175       10.382
          176       10.484
          177       10.586
          178       10.677
          179       10.763
          180       10.833
          181       10.887
          182       10.957
          183       11.022
          184       11.086
          185       11.134
          186       11.177
          187       11.204
          188       11.247
          189        11.29
          190       11.333
          191       11.382
          192       11.425
          193       11.478
          194       11.511
          195       11.548
          196       11.591
          197       11.602
          198       11.618
          199       11.629
          200       11.613
          201       11.591
          202       11.591
          203       11.581
          204       11.597
          205       11.618
          206       11.618
          207       11.618
          208       11.629
          209       11.645
          210       11.661
          211       11.699
          212       11.737
          213       11.747
          214       11.763
          215        11.78
          216       11.806
          217       11.823
          218       11.849
          219       11.855
          220       11.855
          221       11.866
          222       11.876
          223       11.866
          224       11.849
          225       11.833
          226       11.806
          227        11.78
          228       11.747
          229       11.715
          230       11.683
          231       11.656
          232       11.624
          233       11.565
          234       11.505
          235       11.435
          236       11.371
          237       11.296
          238       11.226
          239       11.156
          240       11.065
          241       10.962
          242        10.86
          243       10.774
          244       10.694
          245       10.597
          246       10.489
          247       10.382
          248       10.296
          249       10.199
          250       10.108
          251       10.005
          252       9.8925
          253       9.7688
          254       9.6559
          255       9.5484
          256       9.4301
          257       9.3065
          258       9.1855
          259       9.0726
          260       8.9516
          261        8.836
          262       8.7285
          263       8.6237
          264       8.5376
          265       8.4409
          266       8.3172
          267       8.2043
          268       8.0699
          269       7.9301
          270       7.7957
          271       7.6667
          272        7.543
          273       7.4032
          274       7.2796
          275       7.1559
          276        7.043
          277       6.9194
          278       6.7903
          279       6.6559
          280       6.5161
          281       6.3763
          282       6.2419
          283       6.1075
          284       5.9731
          285       5.8226
          286       5.6667
          287       5.5376
          288       5.4086
          289        5.293
          290       5.1747
          291       5.0591
          292       4.9435
          293       4.8199
          294       4.7204
          295       4.6075
          296       4.4839
          297       4.3763
          298       4.2688
          299        4.172
          300       4.0753
          301       3.9677
          302       3.8763
          303       3.7849
          304       3.6667
          305       3.5591
          306       3.4624
          307       3.3548
          308       3.2742
          309       3.1882
          310       3.1022
          311       3.0269
          312       2.9409
          313       2.8387
          314       2.7258
          315       2.6075
          316       2.5161
          317       2.4516
          318       2.3817
          319       2.3172
          320       2.2312
          321       2.1344
          322        2.043
          323        1.957
          324       1.8763
          325       1.7849
          326       1.6989
          327       1.6183
          328       1.5538
          329       1.4785
          330       1.4086
          331       1.3387
          332       1.2742
          333       1.1935
          334       1.1129
          335       1.0699
          336            1
          337      0.93548
          338       0.8871
          339      0.83333
          340      0.77957
          341      0.72043
          342      0.66129
          343       0.6129
          344      0.58602
          345      0.57527
          346      0.57527
          347      0.56989
          348      0.54839
          349      0.52151
          350      0.49462
          351      0.47312
          352      0.46774
          353      0.46237
          354      0.45161
          355      0.43011
          356       0.4086
          357      0.39785
          358      0.39247
          359      0.37634
          360      0.36022
          361      0.33871
          362      0.32796
          363      0.32796
          364      0.33871
          365      0.34409
